P0: 6.2059189064e+02 0.0000000000e+00 3.3214201101e+02 0.0000000000e+00 0.0000000000e+00 6.1794236522e+02 2.5369931242e+02 0.0000000000e+00 0.0000000000e+00 0.0000000000e+00 1.0000000000e+00 0.0000000000e+00
P1: 6.2059189064e+02 0.0000000000e+00 3.3214201101e+02 0.0000000000e+00 0.0000000000e+00 6.1794236522e+02 2.5369931242e+02 0.0000000000e+00 0.0000000000e+00 0.0000000000e+00 1.0000000000e+00 0.0000000000e+00
P2: 6.2059189064e+02 0.0000000000e+00 3.3214201101e+02 0.0000000000e+00 0.0000000000e+00 6.1794236522e+02 2.5369931242e+02 0.0000000000e+00 0.0000000000e+00 0.0000000000e+00 1.0000000000e+00 0.0000000000e+00
P3: 6.2059189064e+02 0.0000000000e+00 3.3214201101e+02 0.0000000000e+00 0.0000000000e+00 6.1794236522e+02 2.5369931242e+02 0.0000000000e+00 0.0000000000e+00 0.0000000000e+00 1.0000000000e+00 0.0000000000e+00
R0_rect: -1.84648186e-02 -2.22543353e-02 -9.99606187e-01 -7.32999425e-01 -6.78798348e-01 7.46715205e-04 -6.78752695e-01 7.33015229e-01 -2.22601649e-02
Tr_velo_to_cam: 6.928e-003 -7.0904e-001 7.0514e-001 -2.4577e-002 -1.163e-003 -7.0516e-001 -7.0905e-001 -6.1272e-002 -1.163e-003 -7.0516e-001 -7.0905e-001 -6.1272e-002
Tr_imu_to_velo: 9.999976000000e-01 7.553071000000e-04 -2.035826000000e-03 -8.086759000000e-01 -7.854027000000e-04 9.998898000000e-01 -1.482298000000e-02 3.195559000000e-01 2.024406000000e-03 1.482454000000e-02 9.998881000000e-01 -7.997231000000e-01


